0	1	BPSK	1/2	0.3	0.33	0.65	0.72	1.35	1.5	2.93	3.25	5.85	6.5
1	1	QPSK	1/2	0.6	0.67	1.3	1.44	2.7	3.0	5.85	6.5	11.7	13.0
2	1	QPSK	3/4	0.9	1.0	1.95	2.17	4.05	4.5	8.78	9.75	17.6	19.5
3	1	16-QAM	1/2	1.2	1.33	2.6	2.89	5.4	6.0	11.7	13.0	23.4	26.0
4	1	16-QAM	3/4	1.8	2.0	3.9	4.33	8.1	9.0	17.6	19.5	35.1	39.0
5	1	64-QAM	2/3	2.4	2.67	5.2	5.78	10.8	12.0	23.4	26.0	46.8	52.0
6	1	64-QAM	3/4	2.7	3.0	5.85	6.5	12.2	13.5	26.3	29.3	52.7	58.5
7	1	64-QAM	5/6	3.0	3.34	6.5	7.22	13.5	15.0	29.3	32.5	58.5	65.0
8	1	256-QAM	3/4	3.6	4.0	7.8	8.67	16.2	18.0	35.1	39.0	70.2	78.0
9	1	256-QAM	5/6 4.0 4.44	0	0	18.0	20.0	39.0	43.3	78.0	86.7
10	1	BPSK	1/2 0.15    0.17    0	0	0	0	0	0	0	0